Крипто:
BTCUSDT: 36625.90  +3.64%
ETHUSDT: 1912.50  +1.71%

Лидеры роста:
GASUSDT: 17.496000  +48.35%
MEMEUSDT: 0.0221170  +23.81%
STORJUSDT: 0.7111  +22.46%
BNTUSDT: 0.6986000  +19.15%
STEEMUSDT: 0.330100  +17.89%

Лидеры падения:
COCOSUSDT: 1.454000  -6.97%
SSVUSDT: 15.800000  -5.67%
CYBERUSDT: 6.799000  -3.37%
WOOUSDT: 0.25323  -3.23%
ACHUSDT: 0.0207400  -1.61%
