Крипто:
BTCUSDT: 36948.60  -1.02%
ETHUSDT: 2007.71  -1.85%

Лидеры роста:
SUPERUSDT: 0.4176000  +21.01%
BAKEUSDT: 0.1688  +12.01%
SSVUSDT: 25.050000  +10.84%
MDTUSDT: 0.0822100  +10.81%
TIAUSDT: 5.7372000  +9.14%

Лидеры падения:
USTCUSDT: 0.0380700  -42.41%
1000LUNCUSDT: 0.0939800  -23.74%
LUNA2USDT: 0.6992000  -17.91%
WLDUSDT: 2.4132000  -12.35%
ILVUSDT: 105.47000  -12.11%
